40
12
-0.11170212765957466
7.755263157894738
-2.792553191489362
12.121052631578948
2.960106382978722
6.023684210526319
4.803191489361701
10.352631578947374
5.678191489361701
12.397368421052626
-1.1170212765957448
8.086842105263159
-0.11170212765957466
7.755263157894738
-2.6808510638297873
12.176315789473684
2.829787234042552
5.968421052631584
4.747340425531915
10.40789473684211
5.678191489361701
12.397368421052626
-1.1170212765957448
8.086842105263159
-0.11170212765957466
7.755263157894738
-2.3085106382978724
12.305263157894736
2.4760638297872344
5.89473684210526
4.5984042553191475
10.555263157894736
5.678191489361701
12.397368421052626
-1.1170212765957448
8.086842105263159
-0.11170212765957466
7.755263157894738
-1.6755319148936172
12.47105263157895
2.2154255319148923
5.8578947368421055
4.486702127659575
10.665789473684214
5.678191489361701
12.397368421052626
-1.1170212765957448
8.086842105263159
-0.11170212765957466
7.755263157894738
-0.9122340425531918
12.655263157894737
1.6569148936170208
5.839473684210525
4.226063829787234
10.92368421052631
5.678191489361701
12.397368421052626
-1.1170212765957448
8.086842105263159
-0.11170212765957466
7.755263157894738
-0.44680851063829863
12.765789473684208
1.0239361702127656
5.913157894736841
4.11436170212766
11.034210526315789
5.678191489361701
12.397368421052626
-1.1170212765957448
8.086842105263159
-0.11170212765957466
7.755263157894738
0.875
12.986842105263158
0.3164893617021276
6.042105263157893
3.946808510638297
11.27368421052632
5.678191489361701
12.397368421052626
-1.1170212765957448
8.086842105263159
-0.11170212765957466
7.755263157894738
1.3590425531914896
13.042105263157893
-0.03723404255319185
6.1342105263157904
3.872340425531915
11.38421052631579
5.678191489361701
12.397368421052626
-1.1170212765957448
8.086842105263159
-0.11170212765957466
7.755263157894738
2.252659574468085
13.152631578947371
-0.7446808510638299
6.35526315789474
3.7978723404255312
11.47631578947368
5.678191489361701
12.397368421052626
-1.1170212765957448
8.086842105263159
-0.11170212765957466
7.755263157894738
3.164893617021276
13.207894736842107
-1.4707446808510642
6.594736842105263
3.6489361702127656
11.642105263157895
5.678191489361701
12.397368421052626
-1.1170212765957448
8.086842105263159
-0.11170212765957466
7.755263157894738
4.002659574468085
13.171052631578945
-2.1968085106382977
6.907894736842103
3.574468085106382
11.734210526315792
5.678191489361701
12.397368421052626
-1.1170212765957448
8.086842105263159
-0.11170212765957466
7.755263157894738
4.7287234042553195
13.078947368421055
-2.550531914893617
7.110526315789471
3.5558510638297864
11.771052631578947
5.678191489361701
12.397368421052626
-1.1170212765957448
8.086842105263159
-0.11170212765957466
7.755263157894738
5.324468085106382
12.949999999999996
-3.537234042553192
7.7368421052631575
3.537234042553191
11.789473684210527
5.678191489361701
12.397368421052626
-1.1170212765957448
8.086842105263159
-0.11170212765957466
7.755263157894738
5.827127659574467
12.765789473684208
-3.872340425531915
7.994736842105269
3.537234042553191
11.789473684210527
5.678191489361701
12.397368421052626
-1.1170212765957448
8.086842105263159
-0.11170212765957466
7.755263157894738
6.236702127659575
12.47105263157895
-4.412234042553191
8.547368421052632
3.537234042553191
11.789473684210527
5.678191489361701
12.397368421052626
-1.1170212765957448
8.086842105263159
-0.11170212765957466
7.755263157894738
6.460106382978722
12.139473684210529
-4.672872340425532
8.842105263157897
3.537234042553191
11.789473684210527
5.678191489361701
12.397368421052626
-1.1170212765957448
8.086842105263159
-0.11170212765957466
7.755263157894738
6.571808510638297
11.642105263157895
-5.11968085106383
9.52368421052632
3.537234042553191
11.789473684210527
5.678191489361701
12.397368421052626
-1.1170212765957448
8.086842105263159
-0.11170212765957466
7.755263157894738
6.571808510638297
11.38421052631579
-5.287234042553192
9.85526315789474
3.537234042553191
11.789473684210527
5.678191489361701
12.397368421052626
-1.1170212765957448
8.086842105263159
-0.11170212765957466
7.755263157894738
6.460106382978722
10.776315789473685
-5.547872340425532
10.59210526315789
3.537234042553191
11.789473684210527
5.678191489361701
12.397368421052626
-1.1170212765957448
8.086842105263159
-0.11170212765957466
7.755263157894738
6.3484042553191475
10.481578947368419
-5.696808510638298
11.255263157894738
3.537234042553191
11.789473684210527
5.678191489361701
12.397368421052626
-1.1170212765957448
8.086842105263159
-0.11170212765957466
7.755263157894738
6.106382978723403
9.910526315789475
-5.752659574468085
11.531578947368416
3.537234042553191
11.789473684210527
5.678191489361701
12.397368421052626
-1.1170212765957448
8.086842105263159
-0.11170212765957466
7.755263157894738
5.882978723404255
9.39473684210526
-5.789893617021277
11.789473684210527
3.537234042553191
11.789473684210527
5.678191489361701
12.397368421052626
-1.1170212765957448
8.086842105263159
-0.11170212765957466
7.755263157894738
5.752659574468085
9.136842105263156
-5.808510638297872
12.176315789473684
3.537234042553191
11.789473684210527
5.678191489361701
12.397368421052626
-1.1170212765957448
8.086842105263159
-0.11170212765957466
7.755263157894738
5.547872340425531
8.731578947368419
-5.808510638297872
12.176315789473684
3.537234042553191
11.789473684210527
5.678191489361701
12.397368421052626
-1.1170212765957448
8.086842105263159
-0.11170212765957466
7.755263157894738
5.4734042553191475
8.584210526315786
-5.808510638297872
12.176315789473684
3.537234042553191
11.789473684210527
5.678191489361701
12.397368421052626
-1.1170212765957448
8.086842105263159
0.37234042553191493
7.534210526315789
5.4734042553191475
8.584210526315786
-5.808510638297872
12.176315789473684
3.537234042553191
11.789473684210527
5.566489361702127
12.452631578947368
-1.1170212765957448
8.086842105263159
0.37234042553191493
7.534210526315789
5.4734042553191475
8.584210526315786
-5.808510638297872
12.176315789473684
3.537234042553191
11.789473684210527
5.492021276595745
12.47105263157895
-1.1170212765957448
8.086842105263159
0.37234042553191493
7.534210526315789
5.4734042553191475
8.584210526315786
-5.808510638297872
12.176315789473684
3.537234042553191
11.789473684210527
5.417553191489361
12.489473684210523
-1.1170212765957448
8.086842105263159
0.5212765957446805
7.626315789473686
5.4734042553191475
8.584210526315786
-5.808510638297872
12.176315789473684
3.537234042553191
11.789473684210527
5.305851063829786
12.489473684210523
-1.1170212765957448
8.086842105263159
0.7819148936170208
7.681578947368422
5.4734042553191475
8.584210526315786
-5.808510638297872
12.176315789473684
3.537234042553191
11.789473684210527
5.11968085106383
12.526315789473685
-1.1170212765957448
8.086842105263159
0.9867021276595738
7.718421052631584
5.4734042553191475
8.584210526315786
-5.808510638297872
12.176315789473684
3.537234042553191
11.789473684210527
5.045212765957446
12.544736842105266
-1.1170212765957448
8.086842105263159
1.247340425531915
7.755263157894738
5.4734042553191475
8.584210526315786
-5.808510638297872
12.176315789473684
3.537234042553191
11.789473684210527
4.877659574468085
12.600000000000001
-1.1170212765957448
8.086842105263159
1.8803191489361701
7.8842105263157904
5.4734042553191475
8.584210526315786
-5.808510638297872
12.176315789473684
3.537234042553191
11.789473684210527
4.784574468085106
12.618421052631575
-1.1170212765957448
8.086842105263159
2.2340425531914896
7.902631578947371
5.4734042553191475
8.584210526315786
-5.808510638297872
12.176315789473684
3.537234042553191
11.789473684210527
4.579787234042552
12.67368421052631
-1.1170212765957448
8.086842105263159
2.997340425531915
7.957894736842107
5.4734042553191475
8.584210526315786
-5.808510638297872
12.176315789473684
3.537234042553191
11.789473684210527
4.486702127659575
12.692105263157899
-1.1170212765957448
8.086842105263159
3.3882978723404253
7.994736842105269
5.4734042553191475
8.584210526315786
-5.808510638297872
12.176315789473684
3.537234042553191
11.789473684210527
4.412234042553191
12.710526315789473
-1.1170212765957448
8.086842105263159
4.11436170212766
7.957894736842107
5.4734042553191475
8.584210526315786
-5.808510638297872
12.176315789473684
3.537234042553191
11.789473684210527
4.3563829787234045
12.728947368421053
-1.1170212765957448
8.086842105263159
4.430851063829786
7.994736842105269
5.4734042553191475
8.584210526315786
-5.808510638297872
12.176315789473684
3.537234042553191
11.789473684210527
4.3563829787234045
12.728947368421053
-1.1170212765957448
8.086842105263159
5.007978723404255
7.994736842105269
5.4734042553191475
8.584210526315786
-5.808510638297872
12.176315789473684
3.537234042553191
11.789473684210527
4.3563829787234045
12.728947368421053
-1.1170212765957448
8.086842105263159
5.287234042553191
7.994736842105269
5.4734042553191475
8.584210526315786
-5.808510638297872
12.176315789473684
3.537234042553191
11.789473684210527
4.3563829787234045
12.728947368421053
-1.1170212765957448
8.086842105263159
