30
12
1.2101063829787222
6.060526315789474
0.20478723404255295
6.1157894736842096
3.574468085106382
12.47105263157895
-6.162234042553192
12.765789473684208
-2.2340425531914896
10.5
3.2765957446808507
10.260526315789477
1.2101063829787222
6.060526315789474
0.20478723404255295
6.1157894736842096
3.6861702127659566
12.34210526315789
-6.162234042553192
12.765789473684208
-2.2340425531914896
10.5
3.202127659574467
10.389473684210529
1.2101063829787222
6.060526315789474
0.20478723404255295
6.1157894736842096
3.7606382978723403
12.194736842105264
-6.162234042553192
12.765789473684208
-2.2340425531914896
10.5
3.1462765957446805
10.536842105263155
1.2101063829787222
6.060526315789474
0.20478723404255295
6.1157894736842096
3.8909574468085104
12.047368421052632
-6.162234042553192
12.765789473684208
-2.2340425531914896
10.5
3.1090425531914896
10.684210526315795
1.2101063829787222
6.060526315789474
0.20478723404255295
6.1157894736842096
4.188829787234042
11.771052631578947
-6.162234042553192
12.765789473684208
-2.2340425531914896
10.5
3.034574468085106
10.794736842105266
1.2101063829787222
6.060526315789474
0.20478723404255295
6.1157894736842096
4.319148936170212
11.642105263157895
-6.162234042553192
12.765789473684208
-2.2340425531914896
10.5
2.9228723404255312
10.905263157894737
1.2101063829787222
6.060526315789474
0.20478723404255295
6.1157894736842096
4.412234042553191
11.513157894736842
-6.162234042553192
12.765789473684208
-2.2340425531914896
10.5
2.569148936170212
11.071052631578944
1.2101063829787222
6.060526315789474
0.20478723404255295
6.1157894736842096
4.561170212765957
11.181578947368422
-6.162234042553192
12.765789473684208
-2.2340425531914896
10.5
2.3643617021276597
11.181578947368422
1.2101063829787222
6.060526315789474
0.20478723404255295
6.1157894736842096
4.63563829787234
10.997368421052634
-6.162234042553192
12.765789473684208
-2.2340425531914896
10.5
1.917553191489361
11.457894736842107
1.2101063829787222
6.060526315789474
0.20478723404255295
6.1157894736842096
4.710106382978722
10.794736842105266
-6.162234042553192
12.765789473684208
-2.2340425531914896
10.5
1.6382978723404253
11.568421052631578
1.2101063829787222
6.060526315789474
0.20478723404255295
6.1157894736842096
4.8962765957446805
10.297368421052632
-6.162234042553192
12.765789473684208
-2.2340425531914896
10.5
1.0611702127659566
11.82631578947369
1.2101063829787222
6.060526315789474
0.20478723404255295
6.1157894736842096
4.98936170212766
10.094736842105263
-6.162234042553192
12.765789473684208
-2.2340425531914896
10.5
0.7260638297872335
11.955263157894734
1.2101063829787222
6.060526315789474
0.20478723404255295
6.1157894736842096
5.11968085106383
9.597368421052629
-6.162234042553192
12.765789473684208
-2.2340425531914896
10.5
0.13031914893617014
12.213157894736845
1.2101063829787222
6.060526315789474
0.20478723404255295
6.1157894736842096
5.156914893617021
9.357894736842105
-6.162234042553192
12.765789473684208
-2.2340425531914896
10.5
-0.18617021276595747
12.34210526315789
1.2101063829787222
6.060526315789474
0.20478723404255295
6.1157894736842096
5.25
8.934210526315788
-6.162234042553192
12.765789473684208
-2.2340425531914896
10.5
-0.7260638297872344
12.544736842105266
1.2101063829787222
6.060526315789474
0.20478723404255295
6.1157894736842096
5.287234042553191
8.731578947368419
-6.162234042553192
12.765789473684208
-2.2340425531914896
10.5
-1.3218085106382977
12.692105263157899
1.2101063829787222
6.060526315789474
0.20478723404255295
6.1157894736842096
5.305851063829786
8.363157894736844
-6.162234042553192
12.765789473684208
-2.2340425531914896
10.5
-1.917553191489362
12.784210526315789
1.2101063829787222
6.060526315789474
0.20478723404255295
6.1157894736842096
5.324468085106382
8.19736842105263
-6.162234042553192
12.765789473684208
-2.2340425531914896
10.5
-2.1968085106382977
12.821052631578944
1.2101063829787222
6.060526315789474
0.20478723404255295
6.1157894736842096
5.324468085106382
8.050000000000004
-6.162234042553192
12.765789473684208
-2.2340425531914896
10.5
-2.7367021276595747
12.839473684210525
1.2101063829787222
6.060526315789474
0.20478723404255295
6.1157894736842096
5.324468085106382
7.921052631578945
-6.162234042553192
12.765789473684208
-2.2340425531914896
10.5
-2.960106382978724
12.89473684210526
1.2101063829787222
6.060526315789474
0.20478723404255295
6.1157894736842096
5.324468085106382
7.681578947368422
-6.162234042553192
12.765789473684208
-2.2340425531914896
10.5
-3.3324468085106385
12.89473684210526
1.2101063829787222
6.060526315789474
0.20478723404255295
6.1157894736842096
5.343085106382977
7.571052631578951
-6.162234042553192
12.765789473684208
-2.2340425531914896
10.5
-3.5
12.89473684210526
1.2101063829787222
6.060526315789474
0.20478723404255295
6.1157894736842096
5.305851063829786
7.442105263157899
-6.162234042553192
12.765789473684208
-2.2340425531914896
10.5
-3.6117021276595747
12.857894736842105
1.2101063829787222
6.060526315789474
0.20478723404255295
6.1157894736842096
5.305851063829786
7.386842105263156
-6.162234042553192
12.765789473684208
-2.2340425531914896
10.5
-3.6117021276595747
12.857894736842105
1.2101063829787222
6.060526315789474
0.20478723404255295
6.1157894736842096
5.305851063829786
7.368421052631575
-6.162234042553192
12.765789473684208
-2.2340425531914896
10.5
-3.6117021276595747
12.857894736842105
1.6941489361702118
5.56315789473684
0.20478723404255295
6.1157894736842096
5.305851063829786
7.368421052631575
-6.162234042553192
12.765789473684208
-2.2340425531914896
10.5
-3.6117021276595747
12.857894736842105
1.6941489361702118
5.56315789473684
0.20478723404255295
6.1157894736842096
5.305851063829786
7.368421052631575
-6.162234042553192
12.765789473684208
-2.2340425531914896
10.5
-3.6117021276595747
12.857894736842105
1.8430851063829792
5.618421052631575
0.20478723404255295
6.1157894736842096
5.305851063829786
7.368421052631575
-6.162234042553192
12.765789473684208
-2.2340425531914896
10.5
-3.6117021276595747
12.857894736842105
1.9920212765957448
5.636842105263156
0.20478723404255295
6.1157894736842096
5.305851063829786
7.368421052631575
-6.162234042553192
12.765789473684208
-2.2340425531914896
10.5
-3.6117021276595747
12.857894736842105
2.49468085106383
5.7289473684210535
0.20478723404255295
6.1157894736842096
5.305851063829786
7.368421052631575
-6.162234042553192
12.765789473684208
-2.2340425531914896
10.5
-3.6117021276595747
12.857894736842105
