55
12
-3.797872340425532
6.68684210526316
3.574468085106382
7.7368421052631575
-4.76595744680851
7.147368421052633
5.566489361702127
13.244736842105262
-2.327127659574468
11.255263157894738
3.1462765957446805
8.639473684210529
-3.797872340425532
6.68684210526316
3.667553191489361
7.921052631578945
-4.76595744680851
7.147368421052633
5.156914893617021
13.300000000000004
-2.3085106382978724
11.38421052631579
3.1462765957446805
8.639473684210529
-3.797872340425532
6.68684210526316
3.835106382978722
8.215789473684211
-4.76595744680851
7.147368421052633
4.9335106382978715
13.336842105263159
-2.289893617021277
11.60526315789474
3.1462765957446805
8.639473684210529
-3.797872340425532
6.68684210526316
3.8909574468085104
8.344736842105263
-4.76595744680851
7.147368421052633
4.468085106382977
13.35526315789474
-2.2712765957446814
11.678947368421056
3.1462765957446805
8.639473684210529
-3.797872340425532
6.68684210526316
3.946808510638297
8.473684210526315
-4.76595744680851
7.147368421052633
4.226063829787234
13.392105263157895
-2.252659574468085
11.734210526315792
3.1462765957446805
8.639473684210529
-3.797872340425532
6.68684210526316
4.0212765957446805
8.75
-4.76595744680851
7.147368421052633
3.6861702127659566
13.410526315789475
-2.215425531914894
11.752631578947366
3.1462765957446805
8.639473684210529
-3.797872340425532
6.68684210526316
4.0585106382978715
8.878947368421052
-4.76595744680851
7.147368421052633
3.4255319148936163
13.428947368421056
-2.215425531914894
11.752631578947366
3.1462765957446805
8.639473684210529
-3.797872340425532
6.68684210526316
4.077127659574467
9.007894736842104
-4.76595744680851
7.147368421052633
2.8856382978723403
13.44736842105263
-2.215425531914894
11.752631578947366
3.1462765957446805
8.639473684210529
-3.797872340425532
6.68684210526316
4.0957446808510625
9.228947368421053
-4.76595744680851
7.147368421052633
2.625
13.465789473684211
-2.215425531914894
11.752631578947366
3.1462765957446805
8.639473684210529
-3.797872340425532
6.68684210526316
4.0957446808510625
9.339473684210525
-4.76595744680851
7.147368421052633
2.085106382978722
13.484210526315792
-2.215425531914894
11.752631578947366
3.1462765957446805
8.639473684210529
-3.797872340425532
6.68684210526316
4.0957446808510625
9.468421052631584
-4.76595744680851
7.147368421052633
1.8058510638297864
13.484210526315792
-2.215425531914894
11.752631578947366
3.1462765957446805
8.639473684210529
-3.797872340425532
6.68684210526316
4.077127659574467
9.763157894736842
-4.76595744680851
7.147368421052633
1.2101063829787222
13.484210526315792
-2.215425531914894
11.752631578947366
3.1462765957446805
8.639473684210529
-3.797872340425532
6.68684210526316
4.0585106382978715
9.910526315789475
-4.76595744680851
7.147368421052633
0.6329787234042552
13.484210526315792
-2.215425531914894
11.752631578947366
3.1462765957446805
8.639473684210529
-3.797872340425532
6.68684210526316
4.039893617021276
10.057894736842101
-4.76595744680851
7.147368421052633
0.05585106382978733
13.484210526315792
-2.215425531914894
11.752631578947366
3.1462765957446805
8.639473684210529
-3.797872340425532
6.68684210526316
3.9654255319148923
10.426315789473684
-4.76595744680851
7.147368421052633
-0.5212765957446814
13.44736842105263
-2.215425531914894
11.752631578947366
3.1462765957446805
8.639473684210529
-3.797872340425532
6.68684210526316
3.9281914893617014
10.610526315789471
-4.76595744680851
7.147368421052633
-0.837765957446809
13.44736842105263
-2.215425531914894
11.752631578947366
3.1462765957446805
8.639473684210529
-3.797872340425532
6.68684210526316
3.8909574468085104
10.794736842105266
-4.76595744680851
7.147368421052633
-1.3962765957446814
13.428947368421056
-2.215425531914894
11.752631578947366
3.1462765957446805
8.639473684210529
-3.797872340425532
6.68684210526316
3.835106382978722
10.960526315789473
-4.76595744680851
7.147368421052633
-1.6569148936170217
13.428947368421056
-2.215425531914894
11.752631578947366
3.1462765957446805
8.639473684210529
-3.797872340425532
6.68684210526316
3.7234042553191493
11.36578947368421
-4.76595744680851
7.147368421052633
-2.215425531914894
13.410526315789475
-2.215425531914894
11.752631578947366
3.1462765957446805
8.639473684210529
-3.797872340425532
6.68684210526316
3.6489361702127656
11.550000000000004
-4.76595744680851
7.147368421052633
-2.4760638297872344
13.392105263157895
-2.215425531914894
11.752631578947366
3.1462765957446805
8.639473684210529
-3.797872340425532
6.68684210526316
3.537234042553191
11.899999999999999
-4.76595744680851
7.147368421052633
-2.997340425531915
13.373684210526314
-2.215425531914894
11.752631578947366
3.1462765957446805
8.639473684210529
-3.797872340425532
6.68684210526316
3.4813829787234045
12.047368421052632
-4.76595744680851
7.147368421052633
-3.2393617021276597
13.35526315789474
-2.215425531914894
11.752631578947366
3.1462765957446805
8.639473684210529
-3.797872340425532
6.68684210526316
3.444148936170212
12.194736842105264
-4.76595744680851
7.147368421052633
-3.742021276595745
13.318421052631578
-2.215425531914894
11.752631578947366
3.1462765957446805
8.639473684210529
-3.797872340425532
6.68684210526316
3.406914893617021
12.305263157894736
-4.76595744680851
7.147368421052633
-3.9840425531914896
13.300000000000004
-2.215425531914894
11.752631578947366
3.1462765957446805
8.639473684210529
-3.797872340425532
6.68684210526316
3.406914893617021
12.397368421052626
-4.76595744680851
7.147368421052633
-4.468085106382979
13.263157894736842
-2.215425531914894
11.752631578947366
3.1462765957446805
8.639473684210529
-3.797872340425532
6.68684210526316
3.406914893617021
12.397368421052626
-4.76595744680851
7.147368421052633
-4.710106382978724
13.244736842105262
-2.215425531914894
11.752631578947366
3.1462765957446805
8.639473684210529
-3.797872340425532
6.68684210526316
3.406914893617021
12.397368421052626
-4.76595744680851
7.147368421052633
-5.175531914893617
13.207894736842107
-2.215425531914894
11.752631578947366
3.1462765957446805
8.639473684210529
-3.797872340425532
6.68684210526316
3.406914893617021
12.397368421052626
-4.76595744680851
7.147368421052633
-5.361702127659575
13.189473684210526
-2.215425531914894
11.752631578947366
3.1462765957446805
8.639473684210529
-3.797872340425532
6.68684210526316
3.406914893617021
12.397368421052626
-4.76595744680851
7.147368421052633
-5.566489361702128
13.171052631578945
-2.215425531914894
11.752631578947366
3.1462765957446805
8.639473684210529
-3.797872340425532
6.68684210526316
3.406914893617021
12.397368421052626
-4.76595744680851
7.147368421052633
-5.882978723404255
13.11578947368421
-2.215425531914894
11.752631578947366
3.1462765957446805
8.639473684210529
-3.797872340425532
6.68684210526316
3.406914893617021
12.397368421052626
-4.76595744680851
7.147368421052633
-5.9388297872340425
13.078947368421055
-2.215425531914894
11.752631578947366
3.1462765957446805
8.639473684210529
-3.797872340425532
6.68684210526316
3.406914893617021
12.397368421052626
-4.76595744680851
7.147368421052633
-5.9388297872340425
13.078947368421055
-2.215425531914894
11.752631578947366
3.1462765957446805
8.639473684210529
-3.797872340425532
6.68684210526316
3.5186170212765955
12.47105263157895
-4.76595744680851
7.147368421052633
-5.9388297872340425
13.078947368421055
-2.215425531914894
11.752631578947366
3.1462765957446805
8.639473684210529
-3.797872340425532
6.68684210526316
3.574468085106382
12.415789473684214
-4.76595744680851
7.147368421052633
-5.9388297872340425
13.078947368421055
-2.215425531914894
11.752631578947366
3.1462765957446805
8.639473684210529
-3.797872340425532
6.68684210526316
3.6489361702127656
12.34210526315789
-4.76595744680851
7.147368421052633
-5.9388297872340425
13.078947368421055
-2.215425531914894
11.752631578947366
3.1462765957446805
8.639473684210529
-3.797872340425532
6.68684210526316
3.8537234042553195
12.121052631578948
-4.76595744680851
7.147368421052633
-5.9388297872340425
13.078947368421055
-2.215425531914894
11.752631578947366
3.1462765957446805
8.639473684210529
-3.797872340425532
6.68684210526316
3.9654255319148923
11.992105263157896
-4.76595744680851
7.147368421052633
-5.9388297872340425
13.078947368421055
-2.215425531914894
11.752631578947366
3.1462765957446805
8.639473684210529
-3.797872340425532
6.68684210526316
4.188829787234042
11.586842105263159
-4.76595744680851
7.147368421052633
-5.9388297872340425
13.078947368421055
-2.215425531914894
11.752631578947366
3.1462765957446805
8.639473684210529
-3.797872340425532
6.68684210526316
4.300531914893616
11.347368421052629
-4.76595744680851
7.147368421052633
-5.9388297872340425
13.078947368421055
-2.215425531914894
11.752631578947366
3.1462765957446805
8.639473684210529
-3.797872340425532
6.68684210526316
4.3936170212765955
11.071052631578944
-4.76595744680851
7.147368421052633
-5.9388297872340425
13.078947368421055
-2.215425531914894
11.752631578947366
3.1462765957446805
8.639473684210529
-3.797872340425532
6.68684210526316
4.561170212765957
10.5
-4.76595744680851
7.147368421052633
-5.9388297872340425
13.078947368421055
-2.215425531914894
11.752631578947366
3.1462765957446805
8.639473684210529
-3.797872340425532
6.68684210526316
4.617021276595745
10.223684210526315
-4.76595744680851
7.147368421052633
-5.9388297872340425
13.078947368421055
-2.215425531914894
11.752631578947366
3.1462765957446805
8.639473684210529
-3.797872340425532
6.68684210526316
4.710106382978722
9.671052631578945
-4.76595744680851
7.147368421052633
-5.9388297872340425
13.078947368421055
-2.215425531914894
11.752631578947366
3.1462765957446805
8.639473684210529
-3.797872340425532
6.68684210526316
4.747340425531915
9.39473684210526
-4.76595744680851
7.147368421052633
-5.9388297872340425
13.078947368421055
-2.215425531914894
11.752631578947366
3.1462765957446805
8.639473684210529
-3.797872340425532
6.68684210526316
4.784574468085106
8.860526315789471
-4.76595744680851
7.147368421052633
-5.9388297872340425
13.078947368421055
-2.215425531914894
11.752631578947366
3.1462765957446805
8.639473684210529
-3.797872340425532
6.68684210526316
4.747340425531915
8.602631578947374
-4.76595744680851
7.147368421052633
-5.9388297872340425
13.078947368421055
-2.215425531914894
11.752631578947366
3.1462765957446805
8.639473684210529
-3.797872340425532
6.68684210526316
4.710106382978722
8.344736842105263
-4.76595744680851
7.147368421052633
-5.9388297872340425
13.078947368421055
-2.215425531914894
11.752631578947366
3.1462765957446805
8.639473684210529
-3.797872340425532
6.68684210526316
4.617021276595745
7.847368421052636
-4.76595744680851
7.147368421052633
-5.9388297872340425
13.078947368421055
-2.215425531914894
11.752631578947366
3.1462765957446805
8.639473684210529
-3.797872340425532
6.68684210526316
4.561170212765957
7.663157894736841
-4.76595744680851
7.147368421052633
-5.9388297872340425
13.078947368421055
-2.215425531914894
11.752631578947366
3.1462765957446805
8.639473684210529
-3.797872340425532
6.68684210526316
4.486702127659575
7.460526315789473
-4.76595744680851
7.147368421052633
-5.9388297872340425
13.078947368421055
-2.215425531914894
11.752631578947366
3.1462765957446805
8.639473684210529
-3.797872340425532
6.68684210526316
4.375
7.128947368421052
-4.76595744680851
7.147368421052633
-5.9388297872340425
13.078947368421055
-2.215425531914894
11.752631578947366
3.1462765957446805
8.639473684210529
-3.797872340425532
6.68684210526316
4.337765957446807
7.0
-4.76595744680851
7.147368421052633
-5.9388297872340425
13.078947368421055
-2.215425531914894
11.752631578947366
3.1462765957446805
8.639473684210529
-3.797872340425532
6.68684210526316
4.300531914893616
6.815789473684212
-4.76595744680851
7.147368421052633
-5.9388297872340425
13.078947368421055
-2.215425531914894
11.752631578947366
3.1462765957446805
8.639473684210529
-3.276595744680851
6.594736842105263
4.300531914893616
6.815789473684212
-4.76595744680851
7.147368421052633
-5.9388297872340425
13.078947368421055
-2.215425531914894
11.752631578947366
3.1462765957446805
8.639473684210529
-3.1090425531914896
6.594736842105263
4.300531914893616
6.815789473684212
-4.76595744680851
7.147368421052633
-5.9388297872340425
13.078947368421055
-2.215425531914894
11.752631578947366
3.1462765957446805
8.639473684210529
