100
12
3.6861702127659566
4.863157894736844
2.8856382978723403
5.544736842105266
-0.6888297872340425
6.281578947368416
3.742021276595745
9.17368421052631
-3.071808510638298
9.210526315789473
5.361702127659575
10.794736842105266
3.6861702127659566
4.863157894736844
2.8856382978723403
5.544736842105266
-0.6888297872340425
6.281578947368416
3.742021276595745
9.17368421052631
-3.164893617021277
9.32105263157895
5.398936170212766
10.647368421052633
3.6861702127659566
4.863157894736844
2.8856382978723403
5.544736842105266
-0.6888297872340425
6.281578947368416
3.742021276595745
9.17368421052631
-3.1835106382978724
9.376315789473686
5.38031914893617
10.481578947368419
3.6861702127659566
4.863157894736844
2.8856382978723403
5.544736842105266
-0.5957446808510642
6.244736842105269
3.742021276595745
9.17368421052631
-3.220744680851064
9.413157894736841
5.343085106382977
10.389473684210529
3.6861702127659566
4.863157894736844
2.8856382978723403
5.544736842105266
-0.5398936170212769
6.207894736842107
3.742021276595745
9.17368421052631
-3.295212765957447
9.505263157894738
5.287234042553191
10.149999999999999
3.6861702127659566
4.863157894736844
2.8856382978723403
5.544736842105266
-0.4840425531914896
6.171052631578945
3.742021276595745
9.17368421052631
-3.444148936170213
9.744736842105269
5.25
10.039473684210527
3.6861702127659566
4.863157894736844
2.8856382978723403
5.544736842105266
-0.33510638297872397
6.1157894736842096
3.742021276595745
9.17368421052631
-3.537234042553192
9.892105263157895
5.212765957446807
9.910526315789475
3.6861702127659566
4.863157894736844
2.8856382978723403
5.544736842105266
-0.2420212765957448
6.060526315789474
3.742021276595745
9.17368421052631
-3.6861702127659575
10.223684210526315
5.11968085106383
9.689473684210526
3.6861702127659566
4.863157894736844
2.8856382978723403
5.544736842105266
-0.03723404255319185
5.9868421052631575
3.742021276595745
9.17368421052631
-3.742021276595745
10.389473684210529
5.082446808510637
9.597368421052629
3.6861702127659566
4.863157894736844
2.8856382978723403
5.544736842105266
0.07446808510638281
5.950000000000003
3.742021276595745
9.17368421052631
-3.779255319148936
10.555263157894736
5.045212765957446
9.52368421052632
3.6861702127659566
4.863157894736844
2.8856382978723403
5.544736842105266
0.27925531914893575
5.876315789473686
3.742021276595745
9.17368421052631
-3.8537234042553195
10.850000000000001
4.98936170212766
9.39473684210526
3.6861702127659566
4.863157894736844
2.8856382978723403
5.544736842105266
0.4095744680851059
5.8578947368421055
3.742021276595745
9.17368421052631
-3.872340425531915
10.960526315789473
4.9707446808510625
9.32105263157895
3.6861702127659566
4.863157894736844
2.8856382978723403
5.544736842105266
0.6515957446808507
5.784210526315789
3.742021276595745
9.17368421052631
-3.890957446808511
11.089473684210525
4.9707446808510625
9.284210526315789
3.6861702127659566
4.863157894736844
2.8856382978723403
5.544736842105266
0.7446808510638299
5.765789473684208
3.742021276595745
9.17368421052631
-3.946808510638298
11.27368421052632
4.9707446808510625
9.284210526315789
3.6861702127659566
4.863157894736844
2.8856382978723403
5.544736842105266
0.8377659574468082
5.7289473684210535
3.742021276595745
9.17368421052631
-3.9281914893617023
11.347368421052629
4.9707446808510625
9.284210526315789
3.6861702127659566
4.863157894736844
2.8856382978723403
5.544736842105266
0.9867021276595738
5.692105263157899
3.742021276595745
9.17368421052631
-3.9281914893617023
11.36578947368421
4.9707446808510625
9.284210526315789
3.6861702127659566
4.863157894736844
2.8856382978723403
5.544736842105266
1.0611702127659566
5.673684210526318
3.742021276595745
9.17368421052631
-3.9281914893617023
11.36578947368421
4.9707446808510625
9.284210526315789
3.6861702127659566
4.863157894736844
2.8856382978723403
5.544736842105266
1.1170212765957448
5.655263157894737
3.742021276595745
9.17368421052631
-3.9281914893617023
11.36578947368421
4.9707446808510625
9.284210526315789
3.6861702127659566
4.863157894736844
2.8856382978723403
5.544736842105266
1.2101063829787222
5.636842105263156
3.742021276595745
9.17368421052631
-3.9281914893617023
11.36578947368421
4.9707446808510625
9.284210526315789
3.6861702127659566
4.863157894736844
2.8856382978723403
5.544736842105266
1.247340425531915
5.636842105263156
3.742021276595745
9.17368421052631
-3.9281914893617023
11.36578947368421
4.9707446808510625
9.284210526315789
3.6861702127659566
4.863157894736844
2.8856382978723403
5.544736842105266
1.284574468085106
5.636842105263156
3.742021276595745
9.17368421052631
-3.9281914893617023
11.36578947368421
4.9707446808510625
9.284210526315789
3.6861702127659566
4.863157894736844
2.8856382978723403
5.544736842105266
1.3404255319148923
5.600000000000001
3.742021276595745
9.17368421052631
-3.9281914893617023
11.36578947368421
4.9707446808510625
9.284210526315789
3.6861702127659566
4.863157894736844
2.8856382978723403
5.544736842105266
1.3404255319148923
5.600000000000001
3.742021276595745
9.17368421052631
-3.872340425531915
11.568421052631578
4.9707446808510625
9.284210526315789
3.6861702127659566
4.863157894736844
2.8856382978723403
5.544736842105266
1.3404255319148923
5.600000000000001
3.704787234042552
9.39473684210526
-3.779255319148936
11.60526315789474
4.952127659574467
9.468421052631584
3.6861702127659566
4.863157894736844
2.8856382978723403
5.544736842105266
1.452127659574467
5.692105263157899
3.7234042553191493
9.52368421052632
-3.667553191489362
11.715789473684211
4.952127659574467
9.542105263157893
3.6861702127659566
4.863157894736844
2.8856382978723403
5.544736842105266
1.5452127659574462
5.747368421052634
3.7606382978723403
9.671052631578945
-3.537234042553192
11.807894736842101
4.952127659574467
9.63421052631579
3.6861702127659566
4.863157894736844
2.8856382978723403
5.544736842105266
1.6382978723404253
5.80263157894737
3.7978723404255312
9.85526315789474
-3.2579787234042556
11.973684210526315
4.952127659574467
9.85526315789474
3.6861702127659566
4.863157894736844
2.8856382978723403
5.544736842105266
1.7313829787234045
5.876315789473686
3.8537234042553195
10.242105263157896
-3.0904255319148937
12.047368421052632
4.952127659574467
9.984210526315792
3.6861702127659566
4.863157894736844
2.8856382978723403
5.544736842105266
1.954787234042552
6.023684210526319
3.909574468085106
10.426315789473684
-2.829787234042554
12.213157894736845
4.98936170212766
10.260526315789477
3.6861702127659566
4.863157894736844
2.8856382978723403
5.544736842105266
2.252659574468085
6.207894736842107
3.9281914893617014
10.59210526315789
-2.718085106382979
12.268421052631581
5.007978723404255
10.389473684210529
3.6861702127659566
4.863157894736844
2.8856382978723403
5.544736842105266
2.4388297872340416
6.336842105263159
3.9840425531914896
10.739473684210523
-2.5132978723404253
12.360526315789471
5.007978723404255
10.518421052631581
3.6861702127659566
4.863157894736844
2.8856382978723403
5.544736842105266
2.867021276595745
6.631578947368425
4.039893617021276
10.997368421052634
-2.4015957446808516
12.415789473684214
5.026595744680851
10.739473684210523
3.6861702127659566
4.863157894736844
2.8856382978723403
5.544736842105266
3.0904255319148923
6.7973684210526315
4.077127659574467
11.089473684210525
-2.289893617021277
12.452631578947368
5.045212765957446
10.83157894736842
3.6861702127659566
4.863157894736844
2.8856382978723403
5.544736842105266
3.332446808510637
6.981578947368419
4.077127659574467
11.14473684210526
-2.289893617021277
12.452631578947368
5.045212765957446
10.905263157894737
3.6861702127659566
4.863157894736844
2.8856382978723403
5.544736842105266
3.8164893617021267
7.405263157894737
4.0957446808510625
11.218421052631584
-2.289893617021277
12.452631578947368
5.063829787234042
10.978947368421053
3.6861702127659566
4.863157894736844
2.8856382978723403
5.544736842105266
4.0585106382978715
7.626315789473686
4.132978723404255
11.255263157894738
-2.289893617021277
12.452631578947368
5.101063829787233
11.034210526315789
3.6861702127659566
4.863157894736844
2.8856382978723403
5.544736842105266
4.486702127659575
8.068421052631578
4.151595744680851
11.255263157894738
-2.289893617021277
12.452631578947368
5.101063829787233
11.05263157894737
3.6861702127659566
4.863157894736844
2.8856382978723403
5.544736842105266
4.710106382978722
8.307894736842101
4.151595744680851
11.255263157894738
-2.289893617021277
12.452631578947368
5.101063829787233
11.05263157894737
3.6861702127659566
4.863157894736844
2.8856382978723403
5.544736842105266
5.138297872340425
8.823684210526316
4.151595744680851
11.255263157894738
-2.289893617021277
12.452631578947368
5.101063829787233
11.05263157894737
3.6861702127659566
4.863157894736844
2.8856382978723403
5.544736842105266
5.305851063829786
9.044736842105266
4.151595744680851
11.255263157894738
-2.289893617021277
12.452631578947368
5.101063829787233
11.05263157894737
3.6861702127659566
4.863157894736844
2.8856382978723403
5.544736842105266
5.603723404255318
9.486842105263158
4.151595744680851
11.255263157894738
-2.289893617021277
12.452631578947368
5.101063829787233
11.05263157894737
3.6861702127659566
4.863157894736844
2.8856382978723403
5.544736842105266
5.715425531914892
9.671052631578945
4.151595744680851
11.255263157894738
-2.289893617021277
12.452631578947368
5.101063829787233
11.05263157894737
3.6861702127659566
4.863157894736844
2.8856382978723403
5.544736842105266
5.938829787234042
10.07631578947369
4.151595744680851
11.255263157894738
-2.289893617021277
12.452631578947368
5.101063829787233
11.05263157894737
3.6861702127659566
4.863157894736844
2.8856382978723403
5.544736842105266
6.013297872340425
10.297368421052632
4.151595744680851
11.255263157894738
-2.289893617021277
12.452631578947368
5.101063829787233
11.05263157894737
3.6861702127659566
4.863157894736844
2.8856382978723403
5.544736842105266
6.087765957446807
10.647368421052633
4.151595744680851
11.255263157894738
-2.289893617021277
12.452631578947368
5.101063829787233
11.05263157894737
3.6861702127659566
4.863157894736844
2.8856382978723403
5.544736842105266
6.087765957446807
10.83157894736842
4.151595744680851
11.255263157894738
-2.289893617021277
12.452631578947368
5.101063829787233
11.05263157894737
3.6861702127659566
4.863157894736844
2.8856382978723403
5.544736842105266
5.976063829787233
11.163157894736841
4.151595744680851
11.255263157894738
-2.289893617021277
12.452631578947368
5.101063829787233
11.05263157894737
3.6861702127659566
4.863157894736844
2.8856382978723403
5.544736842105266
5.901595744680851
11.328947368421055
4.151595744680851
11.255263157894738
-2.289893617021277
12.452631578947368
5.101063829787233
11.05263157894737
3.6861702127659566
4.863157894736844
2.8856382978723403
5.544736842105266
5.73404255319149
11.60526315789474
4.151595744680851
11.255263157894738
-2.289893617021277
12.452631578947368
5.101063829787233
11.05263157894737
3.6861702127659566
4.863157894736844
2.8856382978723403
5.544736842105266
5.566489361702127
11.715789473684211
4.151595744680851
11.255263157894738
-2.289893617021277
12.452631578947368
5.101063829787233
11.05263157894737
3.6861702127659566
4.863157894736844
2.8856382978723403
5.544736842105266
5.212765957446807
11.899999999999999
4.151595744680851
11.255263157894738
-2.289893617021277
12.452631578947368
5.101063829787233
11.05263157894737
3.6861702127659566
4.863157894736844
2.8856382978723403
5.544736842105266
4.98936170212766
11.992105263157896
4.151595744680851
11.255263157894738
-2.289893617021277
12.452631578947368
5.101063829787233
11.05263157894737
3.6861702127659566
4.863157894736844
2.8856382978723403
5.544736842105266
4.486702127659575
12.121052631578948
4.151595744680851
11.255263157894738
-2.289893617021277
12.452631578947368
5.101063829787233
11.05263157894737
3.6861702127659566
4.863157894736844
2.8856382978723403
5.544736842105266
4.188829787234042
12.176315789473684
4.151595744680851
11.255263157894738
-2.289893617021277
12.452631578947368
5.101063829787233
11.05263157894737
3.6861702127659566
4.863157894736844
2.8856382978723403
5.544736842105266
3.5930851063829774
12.286842105263155
4.151595744680851
11.255263157894738
-2.289893617021277
12.452631578947368
5.101063829787233
11.05263157894737
3.6861702127659566
4.863157894736844
2.8856382978723403
5.544736842105266
3.2393617021276597
12.34210526315789
4.151595744680851
11.255263157894738
-2.289893617021277
12.452631578947368
5.101063829787233
11.05263157894737
3.6861702127659566
4.863157894736844
2.8856382978723403
5.544736842105266
2.4388297872340416
12.397368421052626
4.151595744680851
11.255263157894738
-2.289893617021277
12.452631578947368
5.101063829787233
11.05263157894737
3.6861702127659566
4.863157894736844
2.8856382978723403
5.544736842105266
2.0292553191489358
12.397368421052626
4.151595744680851
11.255263157894738
-2.289893617021277
12.452631578947368
5.101063829787233
11.05263157894737
3.6861702127659566
4.863157894736844
2.8856382978723403
5.544736842105266
1.452127659574467
12.286842105263155
4.151595744680851
11.255263157894738
-2.289893617021277
12.452631578947368
5.101063829787233
11.05263157894737
3.6861702127659566
4.863157894736844
2.8856382978723403
5.544736842105266
1.3404255319148923
12.25
4.151595744680851
11.255263157894738
-2.289893617021277
12.452631578947368
5.101063829787233
11.05263157894737
3.6861702127659566
4.863157894736844
2.8856382978723403
5.544736842105266
1.3404255319148923
12.25
4.151595744680851
11.255263157894738
-2.289893617021277
12.452631578947368
5.101063829787233
11.05263157894737
3.6861702127659566
4.863157894736844
2.8856382978723403
5.544736842105266
1.2101063829787222
12.305263157894736
4.151595744680851
11.255263157894738
-2.289893617021277
12.452631578947368
5.101063829787233
11.05263157894737
3.6861702127659566
4.863157894736844
2.8856382978723403
5.544736842105266
1.0984042553191493
12.323684210526316
4.151595744680851
11.255263157894738
-2.122340425531915
12.397368421052626
5.101063829787233
11.05263157894737
3.6861702127659566
4.863157894736844
2.8856382978723403
5.544736842105266
1.0239361702127656
12.34210526315789
4.151595744680851
11.255263157894738
-2.047872340425532
12.37894736842106
5.101063829787233
11.05263157894737
3.6861702127659566
4.863157894736844
2.8856382978723403
5.544736842105266
0.8563829787234036
12.34210526315789
4.151595744680851
11.255263157894738
-1.9547872340425538
12.360526315789471
5.101063829787233
11.05263157894737
3.6861702127659566
4.863157894736844
2.8856382978723403
5.544736842105266
0.7446808510638299
12.34210526315789
4.151595744680851
11.255263157894738
-1.7313829787234045
12.323684210526316
5.101063829787233
11.05263157894737
3.6861702127659566
4.863157894736844
2.8856382978723403
5.544736842105266
0.5026595744680851
12.34210526315789
4.151595744680851
11.255263157894738
-1.6196808510638299
12.323684210526316
5.101063829787233
11.05263157894737
3.6861702127659566
4.863157894736844
2.8856382978723403
5.544736842105266
0.37234042553191493
12.305263157894736
4.151595744680851
11.255263157894738
-1.4335106382978724
12.305263157894736
5.101063829787233
11.05263157894737
3.6861702127659566
4.863157894736844
2.8856382978723403
5.544736842105266
0.09308510638297829
12.286842105263155
4.151595744680851
11.255263157894738
-1.340425531914894
12.305263157894736
5.101063829787233
11.05263157894737
3.6861702127659566
4.863157894736844
2.8856382978723403
5.544736842105266
-0.03723404255319185
12.268421052631581
4.151595744680851
11.255263157894738
-1.210106382978724
12.305263157894736
5.101063829787233
11.05263157894737
3.6861702127659566
4.863157894736844
2.8856382978723403
5.544736842105266
-0.35372340425531945
12.194736842105264
4.151595744680851
11.255263157894738
-1.1356382978723403
12.305263157894736
5.101063829787233
11.05263157894737
3.6861702127659566
4.863157894736844
2.8856382978723403
5.544736842105266
-0.5398936170212769
12.139473684210529
4.151595744680851
11.255263157894738
-1.0984042553191493
12.305263157894736
5.101063829787233
11.05263157894737
3.6861702127659566
4.863157894736844
2.8856382978723403
5.544736842105266
-0.8936170212765964
11.955263157894734
4.151595744680851
11.255263157894738
-1.0984042553191493
12.305263157894736
5.101063829787233
11.05263157894737
3.6861702127659566
4.863157894736844
2.8856382978723403
5.544736842105266
-1.0797872340425538
11.844736842105263
4.151595744680851
11.255263157894738
-1.0984042553191493
12.305263157894736
5.101063829787233
11.05263157894737
3.6861702127659566
4.863157894736844
2.8856382978723403
5.544736842105266
-1.4521276595744688
11.550000000000004
4.151595744680851
11.255263157894738
-1.0984042553191493
12.305263157894736
5.101063829787233
11.05263157894737
3.6861702127659566
4.863157894736844
2.8856382978723403
5.544736842105266
-1.6196808510638299
11.36578947368421
4.151595744680851
11.255263157894738
-1.0984042553191493
12.305263157894736
5.101063829787233
11.05263157894737
3.6861702127659566
4.863157894736844
2.8856382978723403
5.544736842105266
-1.9920212765957448
10.978947368421053
4.151595744680851
11.255263157894738
-1.0984042553191493
12.305263157894736
5.101063829787233
11.05263157894737
3.6861702127659566
4.863157894736844
2.8856382978723403
5.544736842105266
-2.159574468085107
10.776315789473685
4.151595744680851
11.255263157894738
-1.0984042553191493
12.305263157894736
5.101063829787233
11.05263157894737
3.6861702127659566
4.863157894736844
2.8856382978723403
5.544736842105266
-2.49468085106383
10.297368421052632
4.151595744680851
11.255263157894738
-1.0984042553191493
12.305263157894736
5.101063829787233
11.05263157894737
3.6861702127659566
4.863157894736844
2.8856382978723403
5.544736842105266
-2.662234042553192
10.07631578947369
4.151595744680851
11.255263157894738
-1.0984042553191493
12.305263157894736
5.101063829787233
11.05263157894737
3.6861702127659566
4.863157894736844
2.8856382978723403
5.544736842105266
-2.9787234042553195
9.597368421052629
4.151595744680851
11.255263157894738
-1.0984042553191493
12.305263157894736
5.101063829787233
11.05263157894737
3.6861702127659566
4.863157894736844
2.8856382978723403
5.544736842105266
-3.146276595744681
9.339473684210525
4.151595744680851
11.255263157894738
-1.0984042553191493
12.305263157894736
5.101063829787233
11.05263157894737
3.6861702127659566
4.863157894736844
2.8856382978723403
5.544736842105266
-3.4069148936170213
8.860526315789471
4.151595744680851
11.255263157894738
-1.0984042553191493
12.305263157894736
5.101063829787233
11.05263157894737
3.6861702127659566
4.863157894736844
2.8856382978723403
5.544736842105266
-3.648936170212766
8.41842105263158
4.151595744680851
11.255263157894738
-1.0984042553191493
12.305263157894736
5.101063829787233
11.05263157894737
3.6861702127659566
4.863157894736844
2.8856382978723403
5.544736842105266
-3.742021276595745
8.215789473684211
4.151595744680851
11.255263157894738
-1.0984042553191493
12.305263157894736
5.101063829787233
11.05263157894737
3.6861702127659566
4.863157894736844
2.8856382978723403
5.544736842105266
-3.890957446808511
7.8842105263157904
4.151595744680851
11.255263157894738
-1.0984042553191493
12.305263157894736
5.101063829787233
11.05263157894737
3.6861702127659566
4.863157894736844
2.8856382978723403
5.544736842105266
-3.946808510638298
7.755263157894738
4.151595744680851
11.255263157894738
-1.0984042553191493
12.305263157894736
5.101063829787233
11.05263157894737
3.6861702127659566
4.863157894736844
2.8856382978723403
5.544736842105266
-3.9654255319148937
7.663157894736841
4.151595744680851
11.255263157894738
-1.0984042553191493
12.305263157894736
5.101063829787233
11.05263157894737
3.6861702127659566
4.863157894736844
2.8856382978723403
5.544736842105266
-3.9840425531914896
7.460526315789473
4.151595744680851
11.255263157894738
-1.0984042553191493
12.305263157894736
5.101063829787233
11.05263157894737
4.375
4.992105263157896
2.8856382978723403
5.544736842105266
-3.9840425531914896
7.460526315789473
4.151595744680851
11.255263157894738
-1.0984042553191493
12.305263157894736
5.101063829787233
11.05263157894737
4.263297872340425
5.0473684210526315
2.8856382978723403
5.544736842105266
-3.9840425531914896
7.460526315789473
4.151595744680851
11.255263157894738
-1.0984042553191493
12.305263157894736
5.101063829787233
11.05263157894737
4.226063829787234
5.0473684210526315
2.8856382978723403
5.544736842105266
-3.9840425531914896
7.460526315789473
4.151595744680851
11.255263157894738
-1.0984042553191493
12.305263157894736
5.101063829787233
11.05263157894737
4.077127659574467
5.084210526315786
2.8856382978723403
5.544736842105266
-3.9840425531914896
7.460526315789473
4.151595744680851
11.255263157894738
-1.0984042553191493
12.305263157894736
5.101063829787233
11.05263157894737
3.9840425531914896
5.121052631578948
2.8856382978723403
5.544736842105266
-3.9840425531914896
7.460526315789473
4.151595744680851
11.255263157894738
-1.0984042553191493
12.305263157894736
5.101063829787233
11.05263157894737
3.6861702127659566
5.231578947368419
2.8856382978723403
5.544736842105266
-3.9840425531914896
7.460526315789473
4.151595744680851
11.255263157894738
-1.0984042553191493
12.305263157894736
5.101063829787233
11.05263157894737
3.5
5.305263157894736
2.8856382978723403
5.544736842105266
-3.9840425531914896
7.460526315789473
4.151595744680851
11.255263157894738
-1.0984042553191493
12.305263157894736
5.101063829787233
11.05263157894737
3.2393617021276597
5.397368421052633
2.8856382978723403
5.544736842105266
-3.9840425531914896
7.460526315789473
4.151595744680851
11.255263157894738
-1.0984042553191493
12.305263157894736
5.101063829787233
11.05263157894737
2.6808510638297864
5.600000000000001
2.8856382978723403
5.544736842105266
-3.9840425531914896
7.460526315789473
4.151595744680851
11.255263157894738
-1.0984042553191493
12.305263157894736
5.101063829787233
11.05263157894737
2.0106382978723403
5.80263157894737
2.8856382978723403
5.544736842105266
-3.9840425531914896
7.460526315789473
4.151595744680851
11.255263157894738
-1.0984042553191493
12.305263157894736
5.101063829787233
11.05263157894737
1.6382978723404253
5.913157894736841
2.8856382978723403
5.544736842105266
-3.9840425531914896
7.460526315789473
4.151595744680851
11.255263157894738
-1.0984042553191493
12.305263157894736
5.101063829787233
11.05263157894737
